camera_matrix:
- [1006.377867753491, 0.0, 365.5457707983346]
- [0.0, 1032.8310503647742, 150.63739153533194]
- [0.0, 0.0, 1.0]
dist_coeff:
- [-0.005123015555322456, 0.523369591098481, -0.011477820318310926, 0.007732657131978158,
  -0.605623091821532]
